days,Number of HFMD patients,Cu_hfmd,Rt,RtLB,RtUB,Abshum,Rainyseason,schoolvac
2016-04-25,378.8094595,15705.70088,1.14985102,1.055364984,1.244337056,4.722635184,0,0
2016-04-26,395.7886475,16101.48953,1.143530533,1.051257432,1.235803633,6.198296398,0,0
2016-04-27,412.7320666,16514.22159,1.138842312,1.048593222,1.229091402,4.704639468,0,0
2016-04-28,429.6397168,16943.86131,1.136934152,1.048519829,1.225348475,5.062770009,0,0
2016-04-29,446.5115982,17390.37291,1.138707503,1.051935491,1.225479514,6.480401322,0,0
2016-04-30,463.3477107,17853.72062,1.144093781,1.058698403,1.22948916,6.059381668,0,0
2016-05-01,480.5888937,18334.30951,1.151984374,1.068015514,1.235953233,6.249282747,0,0
2016-05-02,499.9985049,18834.30802,1.160909637,1.078342104,1.24347717,11.42563465,0,0
2016-05-03,522.0173836,19356.3254,1.1695292,1.088520876,1.250537524,9.915627665,0,0
2016-05-04,546.6455298,19902.97093,1.177197839,1.097888337,1.256507341,5.974261589,0,0
2016-05-05,573.8829436,20476.85388,1.183734476,1.106169937,1.261299015,7.511439506,0,0
2016-05-06,603.7296249,21080.5835,1.189099787,1.113374045,1.26482553,12.28381206,0,0
2016-05-07,636.1855738,21716.76907,1.193313387,1.119430396,1.267196378,7.838516796,0,0
2016-05-08,671.2507902,22388.01986,1.19636299,1.124373571,1.26835241,6.860942351,0,0
2016-05-09,708.9252741,23096.94514,1.198288318,1.12822064,1.268355996,7.290829871,0,0
2016-05-10,749.2090256,23846.15416,1.199103236,1.130917647,1.267288824,10.19044243,0,0
2016-05-11,792.1020446,24638.25621,1.198784524,1.132484348,1.2650847,8.176566038,0,0
2016-05-12,837.6043312,25475.86054,1.197315508,1.132892962,1.261738053,9.079456637,0,0
2016-05-13,885.7158853,26361.57642,1.194625908,1.132022105,1.257229711,8.450294047,0,0
2016-05-14,936.436707,27298.01313,1.190719999,1.129877488,1.251562511,7.833119298,0,0
2016-05-15,989.5330534,28287.54619,1.185904748,1.126824674,1.244984823,10.63865991,0,0
2016-05-16,1044.069954,29331.61614,1.180693413,1.123244633,1.238142194,7.133774043,0,0
2016-05-17,1099.813665,30431.4298,1.175463836,1.1195792,1.231348472,7.521766283,0,0
2016-05-18,1156.764188,31588.19399,1.170482125,1.116070618,1.224893632,7.236170387,0,0
2016-05-19,1214.921521,32803.11551,1.165775407,1.11275212,1.218798694,7.383847333,0,0
2016-05-20,1274.285666,34077.40118,1.161257849,1.109545173,1.212970526,6.728472616,0,0
2016-05-21,1334.856621,35412.2578,1.156910412,1.106456865,1.20736396,5.098329412,0,0
2016-05-22,1396.634388,36808.89219,1.152819173,1.103557245,1.202081101,7.681818988,0,0
2016-05-23,1459.618966,38268.51115,1.149023829,1.10089165,1.197156007,8.704041532,0,0
2016-05-24,1523.810355,39792.32151,1.145465329,1.098405622,1.192525036,11.68421879,0,0
2016-05-25,1589.208555,41381.53006,1.142038661,1.095999044,1.188078278,11.33204136,0,0
2016-05-26,1655.813566,43037.34363,1.138702196,1.093648723,1.18375567,11.88394447,0,0
2016-05-27,1723.625388,44760.96902,1.135499216,1.091386123,1.179612309,10.44236145,0,0
2016-05-28,1792.644022,46553.61304,1.132461613,1.089245903,1.175677323,10.38998096,0,0
2016-05-29,1862.861127,48416.47417,1.129599556,1.087240361,1.171958752,10.41477382,0,0
2016-05-30,1934.243352,50350.71752,1.12691326,1.085373103,1.168453417,10.59662965,0,0
2016-05-31,2006.782355,52357.49987,1.124387368,1.083642126,1.165132609,11.61108428,0,0
2016-06-01,2080.478139,54437.97801,1.121965312,1.081972025,1.161958599,8.842536984,0,0
2016-06-02,2155.330702,56593.30871,1.119571289,1.080309056,1.158833522,7.755682632,0,0
2016-06-03,2231.340045,58824.64876,1.117225237,1.078665268,1.155785205,9.042075318,0,0
2016-06-04,2308.506168,61133.15493,1.114984201,1.077107971,1.152860432,9.554466245,0,0
2016-06-05,2386.82907,63519.984,1.112862727,1.075635725,1.150089728,10.09179772,0,0
2016-06-06,2466.308752,65986.29275,1.110766766,1.07416563,1.147367903,10.29160465,0,0
2016-06-07,2546.945214,68533.23796,1.108536382,1.072548797,1.144523966,13.10306166,0,0
2016-06-08,2628.738455,71161.97642,1.105892792,1.07050362,1.141281964,12.52266871,0,0
2016-06-09,2711.688476,73873.66489,1.102393165,1.067592328,1.137194002,12.54515287,0,0
2016-06-10,2795.795277,76669.46017,1.097602672,1.063383383,1.131821961,13.25186653,0,0
2016-06-11,2881.058857,79550.51903,1.091384086,1.057740941,1.125027231,15.6257139,0,0
2016-06-12,2966.262719,82516.78175,1.084037158,1.050957952,1.117116363,16.67605468,0,0
2016-06-13,3046.540867,85563.32261,1.076122846,1.043570308,1.108675384,14.73109386,0,0
2016-06-14,3120.676804,88683.99942,1.068149868,1.03607013,1.100229606,13.28328501,0,0
2016-06-15,3188.670528,91872.66995,1.060425532,1.028771906,1.092079157,14.70755133,0,0
2016-06-16,3250.52204,95123.19199,1.053074333,1.02180249,1.084346177,13.2098967,0,0
2016-06-17,3306.231341,98429.42333,1.046079442,1.01514361,1.077015275,13.23397975,0,0
2016-06-18,3355.798429,101785.2218,1.039363623,1.008730887,1.069996359,12.70073977,1,0
2016-06-19,3399.223306,105184.4451,1.032868661,1.002499645,1.063237676,14.00988988,1,0
2016-06-20,3436.50597,108620.951,1.026565547,0.996432169,1.056698926,14.69629796,1,0
2016-06-21,3467.646423,112088.5975,1.020483922,0.990550315,1.050417529,14.45743623,1,0
2016-06-22,3492.644664,115581.2421,1.014680726,0.984916333,1.044445119,16.47331475,1,0
2016-06-23,3511.500692,119092.7428,1.009247981,0.979622159,1.038873804,15.81279401,1,0
2016-06-24,3524.214509,122616.9573,1.004267815,0.97474586,1.033789769,15.64230707,1,0
2016-06-25,3530.786114,126147.7434,0.99975654,0.970313012,1.029200069,12.52395099,1,0
2016-06-26,3531.59288,129679.3363,0.995639724,0.966245715,1.025033733,12.57593656,1,0
2016-06-27,3528.144305,133207.4806,0.991757004,0.962389269,1.02112474,11.96229534,1,0
2016-06-28,3520.817762,136728.2984,0.987960131,0.958605347,1.017314916,13.56305701,1,0
2016-06-29,3509.613251,140237.9116,0.984172252,0.954813632,1.013530872,13.61794019,1,0
2016-06-30,3494.530771,143732.4424,0.980368035,0.950988943,1.009747127,17.47704924,1,0
2016-07-01,3475.570324,147208.0127,0.976546096,0.947129932,1.005962261,18.65472474,1,0
2016-07-02,3452.731909,150660.7446,0.972685408,0.943215622,1.002155194,16.94002628,1,0
2016-07-03,3426.015526,154086.7602,0.968734582,0.939194333,0.998274832,14.73607816,1,0
2016-07-04,3395.421175,157482.1813,0.964649846,0.935022102,0.994277589,16.13996276,1,0
2016-07-05,3360.948856,160843.1302,0.960430007,0.930702011,0.990158002,19.12622151,1,0
2016-07-06,3322.598568,164165.7288,0.956097224,0.926250929,0.985943519,14.822523,1,0
2016-07-07,3280.370313,167446.0991,0.95163613,0.921648213,0.981624046,15.30270388,1,0
2016-07-08,3234.26409,170680.3632,0.946993402,0.916849338,0.977137466,16.98304673,1,0
2016-07-09,3184.279899,173864.6431,0.942118601,0.911798596,0.972438606,16.87091295,1,0
2016-07-10,3130.41774,176995.0608,0.936973144,0.906456579,0.96748971,17.16627879,1,0
2016-07-11,3072.677613,180067.7384,0.931574181,0.900843632,0.96230473,18.5673051,1,0
2016-07-12,3011.059517,183078.7979,0.926031234,0.89505593,0.957006537,16.00986734,1,0
2016-07-13,2945.563454,186024.3614,0.920591136,0.889344639,0.951837633,16.97167732,1,0
2016-07-14,2876.189423,188900.5508,0.915684822,0.884122182,0.947247462,17.44187825,1,0
2016-07-15,2802.937424,191703.4882,0.911785309,0.879864589,0.94370603,14.70490778,1,0
2016-07-16,2725.807457,194429.2957,0.909178894,0.876845705,0.941512083,16.68174767,1,0
2016-07-17,2645.854329,197075.15,0.907779185,0.874980646,0.940577725,15.56843549,1,0
2016-07-18,2567.297268,199642.4473,0.907246215,0.873954641,0.940537788,16.49636315,1,1
2016-07-19,2491.191081,202133.6384,0.907242775,0.87344746,0.941038091,16.35176086,1,1
2016-07-20,2417.535768,204551.1741,0.907565735,0.873259158,0.941872312,17.49694723,1,1
2016-07-21,2346.331329,206897.5055,0.908129309,0.873291576,0.942967042,17.00012942,1,1
2016-07-22,2277.577764,209175.0832,0.908902315,0.873536884,0.944267746,18.48240341,1,1
2016-07-23,2211.275074,211386.3583,0.909869273,0.873957304,0.945781242,19.89207979,1,1
2016-07-24,2147.423257,213533.7816,0.91096476,0.874504657,0.947424863,21.13061974,1,1
2016-07-25,2086.022315,215619.8039,0.912150075,0.875142083,0.949158067,20.77002896,1,1
2016-07-26,2027.072246,217646.8761,0.913396668,0.875834229,0.950959107,18.99493807,1,1
2016-07-27,1970.573052,219617.4492,0.914624511,0.876513664,0.952735359,20.21809696,1,1
2016-07-28,1916.524731,221533.9739,0.915661625,0.877002643,0.954320606,19.04791342,1,1
2016-07-29,1864.927285,223398.9012,0.916274686,0.877071348,0.955478024,20.08753647,1,1
2016-07-30,1815.780713,225214.6819,0.916337113,0.876607298,0.956066928,20.26313315,1,1
2016-07-31,1768.778485,226983.4604,0.915914315,0.875667161,0.956161469,20.36199801,0,1
2016-08-01,1722.694485,228706.1549,0.915164709,0.874396594,0.955932823,19.75380003,0,1
2016-08-02,1677.222183,230383.3771,0.914228548,0.872920959,0.955536136,18.66238758,0,1
2016-08-03,1632.361579,232015.7386,0.913187687,0.871332862,0.955042513,18.64371586,0,1
2016-08-04,1588.112673,233603.8513,0.912080537,0.869670082,0.954490991,18.29365664,0,1
2016-08-05,1544.475465,235148.3268,0.910893643,0.86790481,0.953882476,19.28274016,0,1
2016-08-06,1501.449956,236649.7767,0.909605752,0.866029079,0.953182424,20.05421828,0,1
2016-08-07,1459.036144,238108.8129,0.908258432,0.864083865,0.952432999,17.311334,0,1
2016-08-08,1417.23403,239526.0469,0.906903679,0.862105082,0.951702276,19.55755368,0,1
2016-08-09,1376.043614,240902.0905,0.90553835,0.860104252,0.950972447,19.80612431,0,1
2016-08-10,1335.464896,242237.5554,0.904114285,0.858016105,0.950212464,18.89788659,0,1
2016-08-11,1295.497877,243533.0533,0.902557009,0.855783756,0.949330262,19.48642354,0,1
2016-08-12,1256.142555,244789.1958,0.900824095,0.853366101,0.948282089,20.69064299,0,1
2016-08-13,1217.398932,246006.5948,0.898853483,0.85068303,0.947023937,20.18948554,0,1
2016-08-14,1179.21311,247185.8079,0.896545728,0.847654915,0.945436542,21.00477982,0,1
2016-08-15,1141.369504,248327.1774,0.89385296,0.844212517,0.943493403,18.46063418,0,1
2016-08-16,1103.814217,249430.9916,0.890841797,0.840441242,0.941242352,18.85729879,0,1
2016-08-17,1066.54725,250497.5389,0.887704883,0.836507078,0.938902689,17.71747848,0,1
2016-08-18,1029.568603,251527.1075,0.884566486,0.832530117,0.936602855,18.56323493,0,1
2016-08-19,992.8782748,252519.9857,0.881365316,0.828445104,0.934285528,19.62945645,0,0
2016-08-20,956.4762664,253476.462,0.877915658,0.824063941,0.931767376,17.53845613,0,0
2016-08-21,920.3625776,254396.8246,0.874094745,0.819293188,0.928896303,17.70570802,0,0
2016-08-22,884.5372083,255281.3618,0.869963778,0.814192218,0.925735339,17.91568023,0,0
2016-08-23,849.0001586,256130.3619,0.865716614,0.808881612,0.922551615,18.8949569,0,0
2016-08-24,813.7514284,256944.1134,0.861695833,0.803752993,0.919638673,16.87564853,0,0
2016-08-25,778.7910177,257722.9044,0.858520022,0.799367724,0.917672321,17.81911537,0,0
2016-08-26,744.1189266,258467.0233,0.856869871,0.796381445,0.917358296,11.38289951,0,0
2016-08-27,709.735155,259176.7585,0.857218804,0.795286768,0.91915084,9.029821108,0,0
2016-08-28,675.9896977,259852.7482,0.859658463,0.796114373,0.923202553,11.3983146,0,0
2016-08-29,644.2825336,260497.0307,0.863979651,0.7987444,0.929214902,10.5517102,0,0
2016-08-30,614.9636577,261111.9944,0.869952207,0.803016363,0.936888052,10.69200442,0,0
2016-08-31,588.0330697,261700.0274,0.877335778,0.808653809,0.946017747,12.56216613,0,0
2016-09-01,563.4907698,262263.5182,0.885901577,0.815440407,0.956362746,14.33610848,0,0
2016-09-02,541.336758,262804.855,0.895599075,0.823412075,0.967786075,14.93323273,0,0
2016-09-03,521.5710342,263326.426,0.906533307,0.832697503,0.980369111,15.73585036,0,0
2016-09-04,504.1935985,263830.6196,0.918706386,0.843174279,0.994238493,16.88313283,0,0
2016-09-05,489.2044508,264319.824,0.931892941,0.85479304,1.008992842,16.15541159,0,0
2016-09-06,476.6035911,264796.4276,0.945724785,0.867227957,1.024221613,15.33364448,0,0
2016-09-07,466.3910195,265262.8187,0.9593312,0.879498488,1.039163912,15.21324287,0,0
2016-09-08,458.5667359,265721.3854,0.971244428,0.890455228,1.052033628,15.60000913,0,0
2016-09-09,453.1307404,266174.5161,0.97997437,0.898393541,1.061555199,14.93580537,0,0
2016-09-10,450.0830329,266624.5992,0.984586921,0.902593866,1.066579975,14.36950905,0,0
2016-09-11,448.9346996,267073.5339,0.985420081,0.903307713,1.067532448,14.71616118,0,0
2016-09-12,447.7300852,267521.2639,0.983631373,0.90147654,1.065786207,14.47711141,0,0
2016-09-13,445.9802758,267967.2442,0.980415183,0.898172937,1.062657429,13.8563123,0,0
2016-09-14,443.6852714,268410.9295,0.976543491,0.89424169,1.058845291,14.79937718,0,0
2016-09-15,440.8450719,268851.7746,0.972338245,0.889890493,1.054785996,14.43305596,0,0
2016-09-16,437.4596775,269289.2342,0.967856456,0.885171794,1.050541117,14.31072142,0,0
2016-09-17,433.5290882,269722.7633,0.96328897,0.880465297,1.046112644,13.20808479,0,0
2016-09-18,429.0533038,270151.8166,0.958861465,0.87570356,1.042019369,11.29728642,0,0
2016-09-19,424.0323244,270575.849,0.954469738,0.870969528,1.037969949,10.11931924,0,0
2016-09-20,418.46615,270994.3151,0.950103494,0.866146504,1.034060483,7.12491317,0,0
2016-09-21,412.3547807,271406.6699,0.945978972,0.861546762,1.030411181,7.357647402,0,0
2016-09-22,405.6982163,271812.3681,0.942696029,0.857744641,1.027647417,8.739744317,0,0
2016-09-23,398.496457,272210.8646,0.94096725,0.855211896,1.026722604,10.7285146,0,0
2016-09-24,390.7495027,272601.6141,0.941304974,0.854768916,1.027841032,11.58869119,0,0
2016-09-25,382.6664581,272984.2805,0.943833501,0.856313637,1.031353364,11.503122,0,0
2016-09-26,375.0837422,273359.3643,0.947891596,0.859304781,1.036478411,12.49293878,0,0
